{
 "cells": [
  {
   "cell_type": "markdown",
   "metadata": {},
   "source": [
    "# Projet numérique : Câble sous-marin"
   ]
  },
  {
   "cell_type": "markdown",
   "metadata": {},
   "source": [
    "*Auteurs : Valentin Fenoux et Mathis Boutrouelle*"
   ]
  },
  {
   "cell_type": "markdown",
   "metadata": {},
   "source": [
    "## Questions théoriques"
   ]
  },
  {
   "cell_type": "markdown",
   "metadata": {},
   "source": [
    "1. On se sert de la méthode de Monte-Carlo pour approximer la valeur de l'espérance conditionnelle. On suppose que les simulations sont une suite de variables aléatoires indépendantes $(X_n)_{n \\in \\mathbb{N}^*}$ de même loi et intégrable. Alors : $M_n= \\frac{X_1+...+X_n}{n}$ converge presque sûrement vers $E^*$ d'après la loi des grands nombres."
   ]
  },
  {
   "cell_type": "markdown",
   "metadata": {},
   "source": [
    "2. On pose le vecteur $\\bar{Z} = (Z,Z') = (Z(x_0),...,Z(x_N),Z(x_{j_1}),...,Z(x_{j_n}))$ qui est un vecteur aléatoire gaussien de moyenne $m = (µ,...,µ)$ et de matrice de covariance $\\Sigma$ définie positive. Alors d'après le cours Probabilités IV, la densité conditionnelle de Z sachant les profondeurs aux points d'observation est : \n",
    "$$f_{Z|Z(x_{j_1})=z(x_{j_1}),...,Z(x_{j_n})=z(x_{j_n})}(y) = \\frac{1}{(2\\pi)^{\\frac{N+1}{2}}\\sqrt{\\det (C S_Z)}}\\exp \\left(-\\frac{1}{2}\\left(y - \\psi(y))\\right)^t C S_Z^{-1}\\left(y - \\psi(y))\\right)\\right)$$\n",
    "D'où la loi conditionnelle. Avec $C = \\begin{pmatrix} \\Sigma & C_{Z,Z'} \\\\ C_{Z',Z} & C_{Z'} \\end{pmatrix} \\:$ , $\\: CS_Z = \\Sigma - C_{Z,Z'}C_{Z'}^{-1}C_{Z',Z} \\:$ et $\\: E[Y|Z=z] = \\psi(z) =m_Z + C_{Z,Z'}C_{Z'}^{-1}(z-m_{Z'})$"
   ]
  },
  {
   "cell_type": "markdown",
   "metadata": {},
   "source": [
    "3. Comme $Y$ est gausssien, on a (p.11 poly Proba V) $Z$ qui est gaussien d'espérance $m$ et de matrice de covariance $C$. De plus comme les $Y_i$ sont des variables aléatoires gaussiennes centrées, réduites et indépendantes, $C = RR^t$"
   ]
  },
  {
   "cell_type": "markdown",
   "metadata": {},
   "source": [
    "4. - Soient $(U_k,V_k)_{0\\leqslant k\\leqslant N} \\;$ $2(N+1)$ variables aléatoires uniformes indépendantes dans $]0,1[$, simulées avec le module random de python.\n",
    "   - Alors les $Y_k = \\sqrt{-2ln(U_k)}cos(2\\pi V_k)$ sont des variables aléatoires gaussiennes centrées réduites.\n",
    "   - On a alors $Z = \\psi(z) + RY$, avec R décomposition de Cholesky de $CS_Z$ pouvant être obtenue grâce à un algorithme, et $CS_Z$ grâce à la fonction décroissante C."
   ]
  },
  {
   "cell_type": "markdown",
   "metadata": {},
   "source": [
    "## Implémentation"
   ]
  },
  {
   "cell_type": "markdown",
   "metadata": {},
   "source": [
    "### Préambule"
   ]
  },
  {
   "cell_type": "code",
   "execution_count": 5,
   "metadata": {},
   "outputs": [],
   "source": [
    "# Chargement de dépendance\n",
    "\n",
    "import numpy as np\n",
    "import math\n",
    "import matplotlib.pyplot as plt\n",
    "import random as rd"
   ]
  },
  {
   "cell_type": "code",
   "execution_count": 6,
   "metadata": {},
   "outputs": [],
   "source": [
    "# Discrétisation\n",
    "\n",
    "A = 0\n",
    "B = 500\n",
    "N = 101\n",
    "Delta = (B - A)/(N - 1)\n",
    "discretization_indexes = np.arange(N)\n",
    "discretization = discretization_indexes*Delta"
   ]
  },
  {
   "cell_type": "code",
   "execution_count": 7,
   "metadata": {},
   "outputs": [],
   "source": [
    "# Paramètres du modèle\n",
    "\n",
    "mu = -5\n",
    "a = 50\n",
    "sigma2 = 12"
   ]
  },
  {
   "cell_type": "code",
   "execution_count": 8,
   "metadata": {},
   "outputs": [],
   "source": [
    "# Données\n",
    "\n",
    "observation_indexes = [0, 20, 40, 60, 80, 100]\n",
    "depth = np.array([0, -4, -12.8, -1, -6.5, 0])"
   ]
  },
  {
   "cell_type": "code",
   "execution_count": 9,
   "metadata": {},
   "outputs": [],
   "source": [
    "# Indices des composantes correspondant aux observations et aux composantes non observées\n",
    "\n",
    "unknown_indexes = list(set(discretization_indexes)-set(observation_indexes))"
   ]
  },
  {
   "cell_type": "markdown",
   "metadata": {},
   "source": [
    "### Questions"
   ]
  },
  {
   "cell_type": "markdown",
   "metadata": {},
   "source": [
    "#### 1. Fonction covariance"
   ]
  },
  {
   "cell_type": "code",
   "execution_count": 10,
   "metadata": {},
   "outputs": [],
   "source": [
    "def cov(H) :\n",
    "    n= len(H[:,0])\n",
    "    p= len(H[0])\n",
    "    C = np.zeros([n,p])\n",
    "    for i in range(n) :\n",
    "        for j in range(p):\n",
    "            C[i,j] = sigma2*np.exp(-H[i,j]/a)\n",
    "            \n",
    "    return C"
   ]
  },
  {
   "cell_type": "markdown",
   "metadata": {},
   "source": [
    "#### 2. Matrice de distance"
   ]
  },
  {
   "cell_type": "code",
   "execution_count": 11,
   "metadata": {},
   "outputs": [
    {
     "data": {
      "text/plain": [
       "array([[  0.,   5.,  10., ..., 490., 495., 500.],\n",
       "       [  5.,   0.,   5., ..., 485., 490., 495.],\n",
       "       [ 10.,   5.,   0., ..., 480., 485., 490.],\n",
       "       ...,\n",
       "       [490., 485., 480., ...,   0.,   5.,  10.],\n",
       "       [495., 490., 485., ...,   5.,   0.,   5.],\n",
       "       [500., 495., 490., ...,  10.,   5.,   0.]])"
      ]
     },
     "execution_count": 11,
     "metadata": {},
     "output_type": "execute_result"
    }
   ],
   "source": [
    "# Matrice de distance vide\n",
    "D = np.zeros((N,N))\n",
    "# Ajout des longueurs\n",
    "for i,x in enumerate(discretization) :\n",
    "    for j,y in enumerate(discretization) :\n",
    "        D[i,j] = abs(x - y)\n",
    "D"
   ]
  },
  {
   "cell_type": "markdown",
   "metadata": {},
   "source": [
    "#### 3. Matrice de covariance"
   ]
  },
  {
   "cell_type": "code",
   "execution_count": 12,
   "metadata": {},
   "outputs": [
    {
     "data": {
      "text/plain": [
       "array([[1.20000000e+01, 1.08580490e+01, 9.82476904e+00, ...,\n",
       "        6.65419193e-04, 6.02096185e-04, 5.44799157e-04],\n",
       "       [1.08580490e+01, 1.20000000e+01, 1.08580490e+01, ...,\n",
       "        7.35401941e-04, 6.65419193e-04, 6.02096185e-04],\n",
       "       [9.82476904e+00, 1.08580490e+01, 1.20000000e+01, ...,\n",
       "        8.12744838e-04, 7.35401941e-04, 6.65419193e-04],\n",
       "       ...,\n",
       "       [6.65419193e-04, 7.35401941e-04, 8.12744838e-04, ...,\n",
       "        1.20000000e+01, 1.08580490e+01, 9.82476904e+00],\n",
       "       [6.02096185e-04, 6.65419193e-04, 7.35401941e-04, ...,\n",
       "        1.08580490e+01, 1.20000000e+01, 1.08580490e+01],\n",
       "       [5.44799157e-04, 6.02096185e-04, 6.65419193e-04, ...,\n",
       "        9.82476904e+00, 1.08580490e+01, 1.20000000e+01]])"
      ]
     },
     "execution_count": 12,
     "metadata": {},
     "output_type": "execute_result"
    }
   ],
   "source": [
    "Cov_Z = cov(D)\n",
    "Cov_Z"
   ]
  },
  {
   "cell_type": "markdown",
   "metadata": {},
   "source": [
    "#### 4. 3 Matrices de covariances"
   ]
  },
  {
   "cell_type": "markdown",
   "metadata": {},
   "source": [
    "Entre les observations"
   ]
  },
  {
   "cell_type": "code",
   "execution_count": 13,
   "metadata": {},
   "outputs": [
    {
     "data": {
      "text/plain": [
       "array([[1.20000000e+01, 1.62402340e+00, 2.19787667e-01, 2.97450261e-02,\n",
       "        4.02555153e-03, 5.44799157e-04],\n",
       "       [1.62402340e+00, 1.20000000e+01, 1.62402340e+00, 2.19787667e-01,\n",
       "        2.97450261e-02, 4.02555153e-03],\n",
       "       [2.19787667e-01, 1.62402340e+00, 1.20000000e+01, 1.62402340e+00,\n",
       "        2.19787667e-01, 2.97450261e-02],\n",
       "       [2.97450261e-02, 2.19787667e-01, 1.62402340e+00, 1.20000000e+01,\n",
       "        1.62402340e+00, 2.19787667e-01],\n",
       "       [4.02555153e-03, 2.97450261e-02, 2.19787667e-01, 1.62402340e+00,\n",
       "        1.20000000e+01, 1.62402340e+00],\n",
       "       [5.44799157e-04, 4.02555153e-03, 2.97450261e-02, 2.19787667e-01,\n",
       "        1.62402340e+00, 1.20000000e+01]])"
      ]
     },
     "execution_count": 13,
     "metadata": {},
     "output_type": "execute_result"
    }
   ],
   "source": [
    "observation = np.array(observation_indexes)*Delta\n",
    "# Matrice de distance vide\n",
    "nb_obs = len(observation_indexes)\n",
    "D_obs = np.zeros((nb_obs,nb_obs))\n",
    "# Ajout des longueurs\n",
    "for i,x in enumerate(observation) :\n",
    "    for j,y in enumerate(observation) :\n",
    "        D_obs[i,j] = abs(x - y)\n",
    "\n",
    "#covariance\n",
    "Cov_Zobs = cov(D_obs)\n",
    "Cov_Zobs"
   ]
  },
  {
   "cell_type": "markdown",
   "metadata": {},
   "source": [
    "Entre les observations et les inconnues"
   ]
  },
  {
   "cell_type": "code",
   "execution_count": 14,
   "metadata": {},
   "outputs": [
    {
     "data": {
      "text/plain": [
       "array([[1.08580490e+01, 9.82476904e+00, 8.88981865e+00, 8.04384055e+00,\n",
       "        7.27836792e+00, 6.58573963e+00, 5.95902365e+00, 5.39194757e+00,\n",
       "        4.87883592e+00, 4.41455329e+00, 3.99445300e+00, 3.61433054e+00,\n",
       "        3.27038152e+00, 2.95916357e+00, 2.67756192e+00, 2.42275822e+00,\n",
       "        2.19220229e+00, 1.98358666e+00, 1.79482343e+00, 1.46947714e+00,\n",
       "        1.32963790e+00, 1.20310612e+00, 1.08861544e+00, 9.85019983e-01,\n",
       "        8.91282939e-01, 8.06466153e-01, 7.29720752e-01, 6.60278641e-01,\n",
       "        5.97444820e-01, 5.40590429e-01, 4.89146448e-01, 4.42598009e-01,\n",
       "        4.00479240e-01, 3.62368601e-01, 3.27884669e-01, 2.96682318e-01,\n",
       "        2.68449262e-01, 2.42902937e-01, 1.98872105e-01, 1.79946922e-01,\n",
       "        1.62822708e-01, 1.47328079e-01, 1.33307958e-01, 1.20622029e-01,\n",
       "        1.09143325e-01, 9.87569646e-02, 8.93589969e-02, 8.08553640e-02,\n",
       "        7.31609588e-02, 6.61987730e-02, 5.98991269e-02, 5.41989713e-02,\n",
       "        4.90412573e-02, 4.43743646e-02, 4.01515855e-02, 3.63306569e-02,\n",
       "        3.28733378e-02, 2.69144126e-02, 2.43531676e-02, 2.20356573e-02,\n",
       "        1.99386873e-02, 1.80412703e-02, 1.63244165e-02, 1.47709428e-02,\n",
       "        1.33653018e-02, 1.20934251e-02, 1.09425836e-02, 9.90125908e-03,\n",
       "        8.95902970e-03, 8.10646530e-03, 7.33503313e-03, 6.63701244e-03,\n",
       "        6.00541720e-03, 5.43392619e-03, 4.91681975e-03, 4.44892249e-03,\n",
       "        3.64246966e-03, 3.29584284e-03, 2.98220193e-03, 2.69840789e-03,\n",
       "        2.44162043e-03, 2.20926952e-03, 1.99902973e-03, 1.80879690e-03,\n",
       "        1.63666712e-03, 1.48091765e-03, 1.33998970e-03, 1.21247282e-03,\n",
       "        1.09709078e-03, 9.92688787e-04, 8.98221959e-04, 8.12744838e-04,\n",
       "        7.35401941e-04, 6.65419193e-04, 6.02096185e-04],\n",
       "       [1.79482343e+00, 1.98358666e+00, 2.19220229e+00, 2.42275822e+00,\n",
       "        2.67756192e+00, 2.95916357e+00, 3.27038152e+00, 3.61433054e+00,\n",
       "        3.99445300e+00, 4.41455329e+00, 4.87883592e+00, 5.39194757e+00,\n",
       "        5.95902365e+00, 6.58573963e+00, 7.27836792e+00, 8.04384055e+00,\n",
       "        8.88981865e+00, 9.82476904e+00, 1.08580490e+01, 1.08580490e+01,\n",
       "        9.82476904e+00, 8.88981865e+00, 8.04384055e+00, 7.27836792e+00,\n",
       "        6.58573963e+00, 5.95902365e+00, 5.39194757e+00, 4.87883592e+00,\n",
       "        4.41455329e+00, 3.99445300e+00, 3.61433054e+00, 3.27038152e+00,\n",
       "        2.95916357e+00, 2.67756192e+00, 2.42275822e+00, 2.19220229e+00,\n",
       "        1.98358666e+00, 1.79482343e+00, 1.46947714e+00, 1.32963790e+00,\n",
       "        1.20310612e+00, 1.08861544e+00, 9.85019983e-01, 8.91282939e-01,\n",
       "        8.06466153e-01, 7.29720752e-01, 6.60278641e-01, 5.97444820e-01,\n",
       "        5.40590429e-01, 4.89146448e-01, 4.42598009e-01, 4.00479240e-01,\n",
       "        3.62368601e-01, 3.27884669e-01, 2.96682318e-01, 2.68449262e-01,\n",
       "        2.42902937e-01, 1.98872105e-01, 1.79946922e-01, 1.62822708e-01,\n",
       "        1.47328079e-01, 1.33307958e-01, 1.20622029e-01, 1.09143325e-01,\n",
       "        9.87569646e-02, 8.93589969e-02, 8.08553640e-02, 7.31609588e-02,\n",
       "        6.61987730e-02, 5.98991269e-02, 5.41989713e-02, 4.90412573e-02,\n",
       "        4.43743646e-02, 4.01515855e-02, 3.63306569e-02, 3.28733378e-02,\n",
       "        2.69144126e-02, 2.43531676e-02, 2.20356573e-02, 1.99386873e-02,\n",
       "        1.80412703e-02, 1.63244165e-02, 1.47709428e-02, 1.33653018e-02,\n",
       "        1.20934251e-02, 1.09425836e-02, 9.90125908e-03, 8.95902970e-03,\n",
       "        8.10646530e-03, 7.33503313e-03, 6.63701244e-03, 6.00541720e-03,\n",
       "        5.43392619e-03, 4.91681975e-03, 4.44892249e-03],\n",
       "       [2.42902937e-01, 2.68449262e-01, 2.96682318e-01, 3.27884669e-01,\n",
       "        3.62368601e-01, 4.00479240e-01, 4.42598009e-01, 4.89146448e-01,\n",
       "        5.40590429e-01, 5.97444820e-01, 6.60278641e-01, 7.29720752e-01,\n",
       "        8.06466153e-01, 8.91282939e-01, 9.85019983e-01, 1.08861544e+00,\n",
       "        1.20310612e+00, 1.32963790e+00, 1.46947714e+00, 1.79482343e+00,\n",
       "        1.98358666e+00, 2.19220229e+00, 2.42275822e+00, 2.67756192e+00,\n",
       "        2.95916357e+00, 3.27038152e+00, 3.61433054e+00, 3.99445300e+00,\n",
       "        4.41455329e+00, 4.87883592e+00, 5.39194757e+00, 5.95902365e+00,\n",
       "        6.58573963e+00, 7.27836792e+00, 8.04384055e+00, 8.88981865e+00,\n",
       "        9.82476904e+00, 1.08580490e+01, 1.08580490e+01, 9.82476904e+00,\n",
       "        8.88981865e+00, 8.04384055e+00, 7.27836792e+00, 6.58573963e+00,\n",
       "        5.95902365e+00, 5.39194757e+00, 4.87883592e+00, 4.41455329e+00,\n",
       "        3.99445300e+00, 3.61433054e+00, 3.27038152e+00, 2.95916357e+00,\n",
       "        2.67756192e+00, 2.42275822e+00, 2.19220229e+00, 1.98358666e+00,\n",
       "        1.79482343e+00, 1.46947714e+00, 1.32963790e+00, 1.20310612e+00,\n",
       "        1.08861544e+00, 9.85019983e-01, 8.91282939e-01, 8.06466153e-01,\n",
       "        7.29720752e-01, 6.60278641e-01, 5.97444820e-01, 5.40590429e-01,\n",
       "        4.89146448e-01, 4.42598009e-01, 4.00479240e-01, 3.62368601e-01,\n",
       "        3.27884669e-01, 2.96682318e-01, 2.68449262e-01, 2.42902937e-01,\n",
       "        1.98872105e-01, 1.79946922e-01, 1.62822708e-01, 1.47328079e-01,\n",
       "        1.33307958e-01, 1.20622029e-01, 1.09143325e-01, 9.87569646e-02,\n",
       "        8.93589969e-02, 8.08553640e-02, 7.31609588e-02, 6.61987730e-02,\n",
       "        5.98991269e-02, 5.41989713e-02, 4.90412573e-02, 4.43743646e-02,\n",
       "        4.01515855e-02, 3.63306569e-02, 3.28733378e-02],\n",
       "       [3.28733378e-02, 3.63306569e-02, 4.01515855e-02, 4.43743646e-02,\n",
       "        4.90412573e-02, 5.41989713e-02, 5.98991269e-02, 6.61987730e-02,\n",
       "        7.31609588e-02, 8.08553640e-02, 8.93589969e-02, 9.87569646e-02,\n",
       "        1.09143325e-01, 1.20622029e-01, 1.33307958e-01, 1.47328079e-01,\n",
       "        1.62822708e-01, 1.79946922e-01, 1.98872105e-01, 2.42902937e-01,\n",
       "        2.68449262e-01, 2.96682318e-01, 3.27884669e-01, 3.62368601e-01,\n",
       "        4.00479240e-01, 4.42598009e-01, 4.89146448e-01, 5.40590429e-01,\n",
       "        5.97444820e-01, 6.60278641e-01, 7.29720752e-01, 8.06466153e-01,\n",
       "        8.91282939e-01, 9.85019983e-01, 1.08861544e+00, 1.20310612e+00,\n",
       "        1.32963790e+00, 1.46947714e+00, 1.79482343e+00, 1.98358666e+00,\n",
       "        2.19220229e+00, 2.42275822e+00, 2.67756192e+00, 2.95916357e+00,\n",
       "        3.27038152e+00, 3.61433054e+00, 3.99445300e+00, 4.41455329e+00,\n",
       "        4.87883592e+00, 5.39194757e+00, 5.95902365e+00, 6.58573963e+00,\n",
       "        7.27836792e+00, 8.04384055e+00, 8.88981865e+00, 9.82476904e+00,\n",
       "        1.08580490e+01, 1.08580490e+01, 9.82476904e+00, 8.88981865e+00,\n",
       "        8.04384055e+00, 7.27836792e+00, 6.58573963e+00, 5.95902365e+00,\n",
       "        5.39194757e+00, 4.87883592e+00, 4.41455329e+00, 3.99445300e+00,\n",
       "        3.61433054e+00, 3.27038152e+00, 2.95916357e+00, 2.67756192e+00,\n",
       "        2.42275822e+00, 2.19220229e+00, 1.98358666e+00, 1.79482343e+00,\n",
       "        1.46947714e+00, 1.32963790e+00, 1.20310612e+00, 1.08861544e+00,\n",
       "        9.85019983e-01, 8.91282939e-01, 8.06466153e-01, 7.29720752e-01,\n",
       "        6.60278641e-01, 5.97444820e-01, 5.40590429e-01, 4.89146448e-01,\n",
       "        4.42598009e-01, 4.00479240e-01, 3.62368601e-01, 3.27884669e-01,\n",
       "        2.96682318e-01, 2.68449262e-01, 2.42902937e-01],\n",
       "       [4.44892249e-03, 4.91681975e-03, 5.43392619e-03, 6.00541720e-03,\n",
       "        6.63701244e-03, 7.33503313e-03, 8.10646530e-03, 8.95902970e-03,\n",
       "        9.90125908e-03, 1.09425836e-02, 1.20934251e-02, 1.33653018e-02,\n",
       "        1.47709428e-02, 1.63244165e-02, 1.80412703e-02, 1.99386873e-02,\n",
       "        2.20356573e-02, 2.43531676e-02, 2.69144126e-02, 3.28733378e-02,\n",
       "        3.63306569e-02, 4.01515855e-02, 4.43743646e-02, 4.90412573e-02,\n",
       "        5.41989713e-02, 5.98991269e-02, 6.61987730e-02, 7.31609588e-02,\n",
       "        8.08553640e-02, 8.93589969e-02, 9.87569646e-02, 1.09143325e-01,\n",
       "        1.20622029e-01, 1.33307958e-01, 1.47328079e-01, 1.62822708e-01,\n",
       "        1.79946922e-01, 1.98872105e-01, 2.42902937e-01, 2.68449262e-01,\n",
       "        2.96682318e-01, 3.27884669e-01, 3.62368601e-01, 4.00479240e-01,\n",
       "        4.42598009e-01, 4.89146448e-01, 5.40590429e-01, 5.97444820e-01,\n",
       "        6.60278641e-01, 7.29720752e-01, 8.06466153e-01, 8.91282939e-01,\n",
       "        9.85019983e-01, 1.08861544e+00, 1.20310612e+00, 1.32963790e+00,\n",
       "        1.46947714e+00, 1.79482343e+00, 1.98358666e+00, 2.19220229e+00,\n",
       "        2.42275822e+00, 2.67756192e+00, 2.95916357e+00, 3.27038152e+00,\n",
       "        3.61433054e+00, 3.99445300e+00, 4.41455329e+00, 4.87883592e+00,\n",
       "        5.39194757e+00, 5.95902365e+00, 6.58573963e+00, 7.27836792e+00,\n",
       "        8.04384055e+00, 8.88981865e+00, 9.82476904e+00, 1.08580490e+01,\n",
       "        1.08580490e+01, 9.82476904e+00, 8.88981865e+00, 8.04384055e+00,\n",
       "        7.27836792e+00, 6.58573963e+00, 5.95902365e+00, 5.39194757e+00,\n",
       "        4.87883592e+00, 4.41455329e+00, 3.99445300e+00, 3.61433054e+00,\n",
       "        3.27038152e+00, 2.95916357e+00, 2.67756192e+00, 2.42275822e+00,\n",
       "        2.19220229e+00, 1.98358666e+00, 1.79482343e+00],\n",
       "       [6.02096185e-04, 6.65419193e-04, 7.35401941e-04, 8.12744838e-04,\n",
       "        8.98221959e-04, 9.92688787e-04, 1.09709078e-03, 1.21247282e-03,\n",
       "        1.33998970e-03, 1.48091765e-03, 1.63666712e-03, 1.80879690e-03,\n",
       "        1.99902973e-03, 2.20926952e-03, 2.44162043e-03, 2.69840789e-03,\n",
       "        2.98220193e-03, 3.29584284e-03, 3.64246966e-03, 4.44892249e-03,\n",
       "        4.91681975e-03, 5.43392619e-03, 6.00541720e-03, 6.63701244e-03,\n",
       "        7.33503313e-03, 8.10646530e-03, 8.95902970e-03, 9.90125908e-03,\n",
       "        1.09425836e-02, 1.20934251e-02, 1.33653018e-02, 1.47709428e-02,\n",
       "        1.63244165e-02, 1.80412703e-02, 1.99386873e-02, 2.20356573e-02,\n",
       "        2.43531676e-02, 2.69144126e-02, 3.28733378e-02, 3.63306569e-02,\n",
       "        4.01515855e-02, 4.43743646e-02, 4.90412573e-02, 5.41989713e-02,\n",
       "        5.98991269e-02, 6.61987730e-02, 7.31609588e-02, 8.08553640e-02,\n",
       "        8.93589969e-02, 9.87569646e-02, 1.09143325e-01, 1.20622029e-01,\n",
       "        1.33307958e-01, 1.47328079e-01, 1.62822708e-01, 1.79946922e-01,\n",
       "        1.98872105e-01, 2.42902937e-01, 2.68449262e-01, 2.96682318e-01,\n",
       "        3.27884669e-01, 3.62368601e-01, 4.00479240e-01, 4.42598009e-01,\n",
       "        4.89146448e-01, 5.40590429e-01, 5.97444820e-01, 6.60278641e-01,\n",
       "        7.29720752e-01, 8.06466153e-01, 8.91282939e-01, 9.85019983e-01,\n",
       "        1.08861544e+00, 1.20310612e+00, 1.32963790e+00, 1.46947714e+00,\n",
       "        1.79482343e+00, 1.98358666e+00, 2.19220229e+00, 2.42275822e+00,\n",
       "        2.67756192e+00, 2.95916357e+00, 3.27038152e+00, 3.61433054e+00,\n",
       "        3.99445300e+00, 4.41455329e+00, 4.87883592e+00, 5.39194757e+00,\n",
       "        5.95902365e+00, 6.58573963e+00, 7.27836792e+00, 8.04384055e+00,\n",
       "        8.88981865e+00, 9.82476904e+00, 1.08580490e+01]])"
      ]
     },
     "execution_count": 14,
     "metadata": {},
     "output_type": "execute_result"
    }
   ],
   "source": [
    "#matrice de distance\n",
    "D_oi = np.zeros((nb_obs,N-nb_obs))\n",
    "unknown = np.array(unknown_indexes)*Delta\n",
    "for i,x in enumerate(observation):\n",
    "    for j,y in enumerate(unknown):\n",
    "        D_oi[i,j] = abs(x-y)\n",
    "\n",
    "#covariance\n",
    "Cov_Zoi = cov(D_oi)\n",
    "Cov_Zoi"
   ]
  },
  {
   "cell_type": "markdown",
   "metadata": {},
   "source": [
    "Entre les inconnues"
   ]
  },
  {
   "cell_type": "code",
   "execution_count": 15,
   "metadata": {},
   "outputs": [
    {
     "data": {
      "text/plain": [
       "array([[1.20000000e+01, 1.08580490e+01, 9.82476904e+00, ...,\n",
       "        8.12744838e-04, 7.35401941e-04, 6.65419193e-04],\n",
       "       [1.08580490e+01, 1.20000000e+01, 1.08580490e+01, ...,\n",
       "        8.98221959e-04, 8.12744838e-04, 7.35401941e-04],\n",
       "       [9.82476904e+00, 1.08580490e+01, 1.20000000e+01, ...,\n",
       "        9.92688787e-04, 8.98221959e-04, 8.12744838e-04],\n",
       "       ...,\n",
       "       [8.12744838e-04, 8.98221959e-04, 9.92688787e-04, ...,\n",
       "        1.20000000e+01, 1.08580490e+01, 9.82476904e+00],\n",
       "       [7.35401941e-04, 8.12744838e-04, 8.98221959e-04, ...,\n",
       "        1.08580490e+01, 1.20000000e+01, 1.08580490e+01],\n",
       "       [6.65419193e-04, 7.35401941e-04, 8.12744838e-04, ...,\n",
       "        9.82476904e+00, 1.08580490e+01, 1.20000000e+01]])"
      ]
     },
     "execution_count": 15,
     "metadata": {},
     "output_type": "execute_result"
    }
   ],
   "source": [
    "#matrice de distance\n",
    "nb_inc = N-nb_obs\n",
    "D_inc = np.zeros((nb_inc,nb_inc))\n",
    "\n",
    "for i,x in enumerate(unknown):\n",
    "    for j,y in enumerate(unknown):\n",
    "        D_inc[i,j] = abs(x-y)\n",
    "\n",
    "#covariance\n",
    "Cov_Zinc = cov(D_inc)\n",
    "Cov_Zinc"
   ]
  },
  {
   "cell_type": "markdown",
   "metadata": {},
   "source": [
    "#### 5. Espérance conditionnelle"
   ]
  },
  {
   "cell_type": "markdown",
   "metadata": {},
   "source": [
    "On calcule $\\: E[Y|Z=z] = \\psi(z) =m_Z + C_{Z,Z'}C_{Z'}^{-1}(z-m_{Z'})$, avec $z = depth$"
   ]
  },
  {
   "cell_type": "code",
   "execution_count": 16,
   "metadata": {},
   "outputs": [
    {
     "data": {
